(root) [0,0,742,1350]
  (root) [0,0,742,589]
    (root) [0,0,742,144]
      (root) [0,0,278,144]
        (root) [0,0,278,53]
          (text) [0,0,278,49] ""
        (text) [0,61,278,17] ""
        (text) [0,88,278,17] ""
        (root) [0,109,278,35]
          (root) [0,109,248,35]
            (root) [0,109,233,35]
              (text) [0,109,226,35] ""
      (root) [294,0,108,144]
        (root) [294,0,108,40]
          (text) [294,0,16,40] ""
          (root) [322,0,51,40]
            (image) [322,0,51,22] [image-region bbox=[322,0,51,22]]
            (text) [322,27,51,13] ""
          (text) [385,0,10,40] ""
        (root) [294,44,108,57]
          (root) [294,44,108,36]
            (root) [294,44,108,25]
              (text) [294,44,108,20] ""
      (root) [411,0,231,144]
        (text) [411,0,231,22] ""
        (text) [411,27,231,13] ""
        (root) [411,44,231,100]
          (fill) [411,44,20,100]
          (text) [451,44,191,100] ""
      (root) [648,0,43,144]
        (fill) [648,0,43,22]
        (root) [648,44,43,100]
          (text) [648,44,22,100] ""
      (text) [734,0,8,144] ""
    (text) [0,148,742,5] ""
    (root) [0,158,742,218]
      (fill) [0,158,16,218]
      (root) [20,158,236,218]
        (root) [20,158,236,24]
          (root) [20,158,217,24]
            (root) [20,158,208,24]
              (text) [20,158,203,24] ""
        (root) [20,187,236,38]
          (root) [20,187,144,38]
            (root) [20,187,119,38]
              (root) [20,187,106,38]
                (text) [20,187,100,38] ""
          (text) [215,187,22,38] ""
        (text) [20,231,236,21] ""
        (text) [20,261,236,19] ""
        (text) [20,291,236,21] ""
        (text) [20,321,236,21] ""
        (text) [20,351,236,18] ""
      (root) [294,158,142,218]
        (root) [294,158,142,25]
          (text) [294,158,142,19] ""
        (text) [294,195,142,6] ""
        (root) [294,206,142,41]
          (root) [294,206,142,35]
            (root) [294,206,126,35]
              (root) [294,206,118,35]
                (text) [294,206,114,35] ""
        (text) [294,259,142,6] ""
        (root) [294,270,142,41]
          (root) [294,270,142,35]
            (text) [294,270,135,35] ""
        (text) [294,323,142,6] ""
        (root) [294,334,142,24]
          (text) [294,334,142,18] ""
        (text) [294,370,142,6] ""
      (root) [451,158,188,218]
        (text) [451,158,188,43] ""
        (root) [451,207,188,58]
          (text) [451,207,184,58] ""
        (root) [451,271,188,58]
          (text) [451,271,183,58] ""
        (text) [451,335,188,41] ""
      (root) [648,158,43,218]
        (text) [648,158,22,218] ""
      (text) [734,158,8,218] ""
    (text) [0,381,742,23] ""
    (root) [0,410,742,50]
      (fill) [0,410,10,50]
      (root) [20,410,144,50]
        (text) [20,410,144,20] ""
        (text) [20,441,144,14] ""
      (root) [215,410,56,50]
        (root) [215,410,30,50]
          (text) [215,410,17,50] ""
      (root) [323,410,366,50]
        (root) [323,410,344,50]
          (root) [323,410,333,50]
            (image) [323,410,327,50] [image-region bbox=[323,410,327,50]]
      (text) [734,410,8,50] ""
    (root) [0,465,742,59]
      (fill) [0,465,10,59]
      (root) [20,465,190,59]
        (root) [20,465,190,25]
          (text) [20,465,190,20] ""
        (text) [20,501,190,16] ""
      (root) [215,465,56,59]
        (root) [215,465,30,59]
          (text) [215,465,17,59] ""
      (root) [323,465,360,59]
        (image) [323,465,360,17] [image-region bbox=[323,465,360,17]]
        (image) [323,486,360,17] [image-region bbox=[323,486,360,17]]
        (image) [323,507,360,17] [image-region bbox=[323,507,360,17]]
      (text) [734,465,8,59] ""
    (text) [0,528,742,17] ""
    (root) [0,549,742,35]
      (divider) [0,549,4,35]
      (text) [9,549,10,35] ""
      (root) [24,549,126,35]
        (fill) [24,549,126,7]
        (text) [24,563,126,17] ""
      (root) [215,549,56,35]
        (root) [215,549,30,35]
          (text) [215,549,17,35] ""
      (root) [323,549,357,35]
        (root) [323,549,330,35]
          (root) [323,549,317,35]
            (image) [323,549,310,35] [image-region bbox=[323,549,310,35]]
      (text) [734,549,8,35] ""
  (text) [0,600,742,20] ""
  (text) [0,634,742,19] ""
  (root) [0,664,742,59]
    (text) [0,664,742,19] ""
    (root) [0,689,742,34]
      (root) [0,689,107,34]
        (fill) [0,689,107,17]
      (root) [215,689,24,34]
        (text) [215,689,14,34] ""
      (image) [259,689,11,34] [image-region bbox=[259,689,11,34]]
      (root) [278,689,415,34]
        (root) [278,689,395,34]
          (root) [278,689,385,34]
            (text) [278,689,380,34] ""
      (text) [734,689,8,34] ""
  (root) [0,731,742,95]
    (text) [0,731,742,18] ""
    (text) [0,755,742,18] ""
    (text) [0,779,742,18] ""
    (text) [0,802,742,18] ""
  (text) [0,837,742,17] ""
  (root) [0,862,742,39]
    (root) [0,862,742,24]
      (text) [0,862,742,17] ""
  (root) [0,931,742,419]
    (root) [0,931,742,290]
      (root) [0,931,189,290]
        (root) [0,931,189,108]
          (root) [0,931,189,54]
            (root) [0,931,189,27]
              (fill) [0,931,189,13]
        (text) [0,1147,189,7] ""
        (text) [0,1161,189,13] ""
        (text) [0,1180,189,6] ""
        (text) [0,1191,189,30] ""
      (root) [215,931,24,290]
        (text) [215,931,14,290] ""
      (text) [259,931,11,290] ""
      (root) [278,931,407,290]
        (root) [278,931,407,25]
          (root) [278,931,228,25]
            (root) [278,931,139,25]
              (root) [278,931,94,25]
                (root) [278,931,72,25]
                  (root) [278,931,61,25]
                    (text) [278,931,55,25] ""
        (root) [278,963,407,34]
          (root) [278,963,384,34]
            (root) [278,963,373,34]
              (text) [278,963,367,34] ""
        (text) [278,1005,407,18] ""
        (image) [278,1029,407,18] [image-region bbox=[278,1029,407,18]]
        (image) [278,1053,407,18] [image-region bbox=[278,1053,407,18]]
        (text) [278,1076,407,23] ""
        (text) [278,1111,407,16] ""
        (root) [278,1136,407,46]
          (root) [278,1136,407,27]
            (text) [278,1136,407,17] ""
      (text) [704,931,20,290] ""
      (text) [734,931,8,290] ""
    (root) [0,1226,742,30]
      (root) [0,1226,244,30]
        (root) [0,1226,231,30]
          (text) [0,1226,225,30] ""
      (root) [270,1226,420,30]
        (fill) [270,1226,420,4]
        (text) [270,1234,420,17] ""
      (text) [734,1226,8,30] ""
    (root) [0,1261,742,49]
      (root) [0,1261,245,49]
        (root) [0,1261,232,49]
          (text) [0,1261,225,49] ""
      (root) [272,1261,197,49]
        (fill) [272,1261,197,4]
        (root) [272,1270,197,25]
          (fill) [272,1270,197,17]
      (root) [657,1261,58,49]
        (root) [657,1261,58,40]
          (root) [657,1261,58,36]
            (root) [657,1261,49,36]
              (text) [657,1261,44,36] ""
      (text) [734,1261,8,49] ""
    (text) [0,1315,742,5] ""
    (text) [0,1324,742,5] ""
    (text) [0,1333,742,17] ""